((("open" .
   [1 0 0 0])
  ("test1" .
   [1 0 0 0 0])
  ("test2" .
   [1 0 0 0 0])
  ("test" .
   [5 0 0 0])
  ("afterpipe" .
   [1 0 0 0 0 0 0 0 0])
  ("pid2" .
   [2 0 0 0])
  ("fork" .
   [5 0 0 0])
  ("wr" .
   [3 0])
  ("wrp" .
   [19 0 0])
  ("close" .
   [24 0 0 0 0])
  ("stdout" .
   [4 0 0 0 0 0])
  ("waitpid" .
   [7 0 0 0 0 0 0])
  ("fflush" .
   [2 0 0 0 0 0])
  ("fd" .
   [7 0])
  ("equal" .
   [3 0 0 0 0])
  ("string" .
   [6 0 0 0 0 0])
  ("in" .
   [2 0])
  ("pid" .
   [16 0 0])
  ("cwd" .
   [18 0 0])
  ("strcat" .
   [3 0 0 0 0 0])
  ("com" .
   [19 0 0])
  ("chdir" .
   [3 0 0 0 0])
  ("pathfinder" .
   [0 0 0 0 0 0 0 0 1 0])
  ("printlvars" .
   [0 0 0 0 0 0 1 0 0 0])
  ("newargv" .
   [0 0 0 3 2 1 0])
  ("env" .
   [2 0 0])
  ("execv" .
   [1 0 0 0 0])
  ("execute" .
   [1 0 0 0 0 0 0])
  ("findcommand" .
   [1 0 1 0 2 0 1 0 0 0 0])
  ("another" .
   [2 0 0 1 0 0 0])
  ("seperate" .
   [5 0 4 12 4 0 0 0])
  ("sys" .
   [2 0 0])
  ("split" .
   [12 0 0 1 0])
  ("cutable" .
   [1 0 0 0 0 0 0])
  ("executable" .
   [0 0 0 1 2 0 0 1 0 0])
  ("status" .
   [9 0 0 0 0 0])
  ("process" .
   [1 0 0 0 0 1 0])
  ("pipoules" .
   [0 0 0 0 1 0 0 0])
  ("dblredir" .
   [0 0 1 1 0 0 0 0])
  ("amp" .
   [3 0 0])
  ("redirection" .
   [1 0 0 1 1 0 0 0 0 0 0])
  ("pipe" .
   [3 0 0 1])
  ("and" .
   [1 0 0])
  ("space" .
   [11 0 0 0 0])
  ("length" .
   [8 0 0 1 1 0])
  ("l" .
   [1])
  ("size" .
   [1 0 0 0])
  ("c" .
   [5])
  ("realloc" .
   [1 0 0 0 0 0 0])
  ("comsize" .
   [4 0 0 7 3 0 1])
  ("position" .
   [6 0 2 1 0 1 0 0])
  ("size_t" .
   [10 0 0 0 0 0])
  ("initialize" .
   [0 0 0 0 0 0 1 0 0 0])
  ("malloc" .
   [9 0 0 0 1 0])
  ("cyalata" .
   [2 0 0 0 0 0 0])
  ("freelist" .
   [1 0 0 0 0 0 0 0])
  ("s" .
   [12])
  ("dirsz" .
   [4 0 0 0 3])
  ("path" .
   [13 0 0 0])
  ("getcwd" .
   [3 0 0 0 0 0])
  ("free" .
   [19 0 0 0])
  ("next" .
   [5 0 0 0])
  ("set" .
   [11 0 0])
  ("head" .
   [3 0 0 0])
  ("iterator" .
   [11 0 1 0 1 0 0 0])
  ("prev" .
   [1 0 0 0])
  ("NULL" .
   [22 0 0 0])
  ("scout" .
   [5 0 0 0 0])
  ("_init_module" .
   [1 0 0 0 0 1 0 0 0 0 0 0])
  ("init" .
   [1 0 0 0])
  ("the" .
   [1 0 0])
  ("kernel" .
   [3 0 0 0 0 0])
  ("module" .
   [7 0 0 0 0 0])
  ("linux" .
   [1 0 0 0 1])
  ("MODULE" .
   [0 0 1 0 0 1])
  ("line" .
   [0 0 1 2])
  ("printf" .
   [35 0 0 1 0 0])
  ("include" .
   [0 0 0 3 5 1 8])
  ("int" .
   [0 0 3])
  ("return" .
   [0 0 2 3 0 0])
  ("pragma" .
   [0 0 1 0 0 0])
  ("void" .
   [0 0 5 0])
  ("arr" .
   [2 0 0])
  ("alias" .
   [2 0 0 0 0])
  ("command" .
   [95 0 1 0 10 1 2])
  ("exit" .
   [8 0 0 0])
  ("strcmp" .
   [2 0 0 0 1 0])
  ("commnad" .
   [1 0 0 0 0 0 0])
  ("unset" .
   [1 0 0 0 0])
  ("remove" .
   [3 0 0 0 0 0])
  ("deleteset" .
   [2 0 0 0 0 0 0 0 0])
  ("new" .
   [1 0 0])
  ("wait" .
   [1 0 0 0])
  ("buf" .
   [10 0 0])
  ("lol" .
   [2 0 0])
  ("FILE" .
   [2 0 0 0])
  ("read" .
   [1 0 0 0])
  ("freopen" .
   [1 0 0 0 0 0 0])
  ("dup2" .
   [10 0 0 0])
  ("fopen" .
   [1 0 0 0 0])
  ("getchar" .
   [2 0 0 0 0 0 0])
  ("fclose" .
   [1 0 0 0 0 0])
  ("fscanf" .
   [1 0 0 0 0 0])
  ("EOF" .
   [1 0 0])
  ("append" .
   [11 0 0 0 0 0])
  ("readp" .
   [2 0 0 0 0])
  ("appendp" .
   [11 0 2 3 3 1 5])
  ("out" .
   [18 0 0])
  ("O_TRUNC" .
   [0 0 2 0 0 0 1])
  ("execpipe" .
   [1 0 0 0 0 1 0 1])
  ("O_WRONLY" .
   [0 0 0 0 1 1 0 0])
  ("O_CREAT" .
   [0 0 0 1 1 0 0])
  ("O_APPEND" .
   [0 0 1 0 0 0 0 0])))
