((("infinite" .
   [0 0 0 1 0 0 0 0])
  ("remaining_time" .
   [0 0 0 0 0 0 0 0 0 0 0 1 0 0])
  ("t_params" .
   [1 0 0 0 0 0 0 0])
  ("str" .
   [6 0 0])
  ("get_time" .
   [0 0 0 0 1 1 0 0])
  ("define" .
   [0 0 0 0 0 1])
  ("syscall" .
   [0 0 0 0 2 0 0])
  ("time" .
   [2 0 0 0])
  ("stdio" .
   [0 0 0 0 1])
  ("getpid" .
   [1 0 0 0 0 0])
  ("set_comp_time" .
   [0 0 0 1 0 1 1 0 1 0 0 0 0])
  ("sll" .
   [2 0 0])
  ("insert" .
   [4 0 0 0 0 0])
  ("tem" .
   [3 0 0])
  ("sentinel" .
   [5 0 0 0 0 0 1 1])
  ("now" .
   [5 0 0])
  ("threads" .
   [1 0 1 0 0 0 0])
  ("lock2" .
   [5 0 0 0 0])
  ("lock1" .
   [6 0 0 0 0])
  ("pthread_mutex_unlock" .
   [0 0 0 0 0 0 0 0 0 0 0 0 0 0 0 0 2 0 1 0])
  ("pthread_t" .
   [1 0 0 0 0 0 0 0 0])
  ("pthread_mutex_lock" .
   [1 0 0 0 0 0 0 0 0 0 0 0 0 0 1 0 0 0])
  ("dont" .
   [7 0 0 0])
  ("inorder" .
   [2 0 0 0 0 0 0])
  ("h" .
   [1])
  ("gennum" .
   [2 0 0 0 0 0])
  ("threadgen" .
   [6 0 0 0 1 2 0 1 0])
  ("list" .
   [6 0 0 0])
  ("pthread" .
   [1 0 1 0 0 0 2])
  ("lock" .
   [7 0 0 0])
  ("pthread_mutex_t" .
   [0 0 0 0 0 0 0 0 0 0 0 0 0 0 4])
  ("end" .
   [1 0 0])
  ("last" .
   [1 0 0 0])
  ("push" .
   [0 0 1 0])
  ("dead" .
   [1 0 0 0])
  ("near" .
   [7 0 0 0])
  ("thrdgen" .
   [2 0 0 0 1 0 0])
  ("visual" .
   [3 0 0 0 0 0])
  ("arrgame" .
   [14 0 0 0 0 0 0])
  ("i" .
   [2])
  ("here" .
   [2 0 0 0])
  ("find" .
   [9 0 0 0])
  ("a" .
   [2])
  ("temp" .
   [43 0 0 0])
  ("delete" .
   [1 0 0 0 0 0])
  ("dollar" .
   [1 0 0 1 0 0])
  ("strcpy" .
   [4 0 0 0 0 0])
  ("search" .
   [2 0 0 0 0 0])
  ("found" .
   [3 0 0 0 0])
  ("var" .
   [5 0 0])
  ("replace" .
   [2 0 0 0 1 0 0])
  ("open" .
   [4 0 0 0])
  ("test1" .
   [1 0 0 0 0])
  ("test2" .
   [1 0 0 0 0])
  ("test" .
   [5 0 0 0])
  ("afterpipe" .
   [11 0 0 0 0 0 4 1 0])
  ("pid2" .
   [2 0 0 0])
  ("fork" .
   [5 0 0 0])
  ("wr" .
   [3 0])
  ("wrp" .
   [25 0 0])
  ("close" .
   [31 0 0 0 0])
  ("stdout" .
   [5 0 0 0 0 0])
  ("waitpid" .
   [7 0 0 0 0 0 0])
  ("fflush" .
   [2 0 0 0 0 0])
  ("fd" .
   [7 0])
  ("equal" .
   [3 0 0 0 0])
  ("string" .
   [6 0 0 0 0 0])
  ("in" .
   [5 0])
  ("pid" .
   [20 0 0])
  ("cwd" .
   [18 0 0])
  ("strcat" .
   [6 0 0 0 0 0])
  ("com" .
   [19 0 0])
  ("chdir" .
   [3 0 0 0 0])
  ("pathfinder" .
   [0 0 0 0 0 0 0 0 1 0])
  ("printlvars" .
   [0 0 0 0 0 0 1 0 0 0])
  ("newargv" .
   [0 0 0 3 2 1 0])
  ("env" .
   [2 0 0])
  ("execv" .
   [1 0 0 0 0])
  ("execute" .
   [1 0 0 0 0 0 0])
  ("findcommand" .
   [1 0 1 0 2 0 1 0 0 0 0])
  ("another" .
   [6 0 0 1 0 0 0])
  ("seperate" .
   [5 0 4 12 4 0 0 0])
  ("sys" .
   [2 0 1])
  ("split" .
   [12 0 0 1 0])
  ("cutable" .
   [1 0 0 0 0 0 0])
  ("executable" .
   [0 0 0 1 2 0 0 1 0 0])
  ("status" .
   [9 0 0 0 0 0])
  ("process" .
   [1 0 0 0 0 1 0])
  ("pipoules" .
   [0 0 0 0 1 0 0 0])
  ("dblredir" .
   [0 0 1 1 0 0 0 0])
  ("amp" .
   [3 0 0])
  ("redirection" .
   [1 0 0 1 1 0 0 0 0 0 0])
  ("pipe" .
   [3 0 0 1])
  ("and" .
   [1 0 0])
  ("space" .
   [11 0 0 0 0])
  ("length" .
   [8 0 0 1 1 0])
  ("l" .
   [1])
  ("size" .
   [1 0 0 0])
  ("c" .
   [8])
  ("realloc" .
   [1 0 0 0 0 0 0])
  ("comsize" .
   [6 0 0 9 3 0 1])
  ("position" .
   [6 0 2 1 0 1 0 0])
  ("size_t" .
   [10 0 0 0 0 0])
  ("initialize" .
   [1 0 0 0 0 0 1 0 0 0])
  ("malloc" .
   [17 0 0 0 1 0])
  ("cyalata" .
   [3 0 0 0 0 0 0])
  ("freelist" .
   [2 0 0 0 0 0 0 0])
  ("s" .
   [13])
  ("dirsz" .
   [4 0 0 0 3])
  ("path" .
   [13 0 0 0])
  ("getcwd" .
   [3 0 0 0 0 0])
  ("free" .
   [25 0 0 0])
  ("next" .
   [27 0 0 0])
  ("set" .
   [12 0 0])
  ("head" .
   [17 0 0 0])
  ("iterator" .
   [17 0 1 0 1 0 0 0])
  ("prev" .
   [23 0 0 0])
  ("NULL" .
   [59 0 0 0])
  ("scout" .
   [5 0 0 0 0])
  ("_init_module" .
   [1 0 0 0 0 1 0 0 0 0 0 0])
  ("init" .
   [1 0 0 0])
  ("the" .
   [1 0 0])
  ("kernel" .
   [3 0 0 0 0 0])
  ("module" .
   [7 0 0 0 0 0])
  ("linux" .
   [1 0 0 0 1])
  ("MODULE" .
   [0 0 1 0 0 1])
  ("line" .
   [0 0 1 2])
  ("printf" .
   [60 0 0 1 0 0])
  ("include" .
   [0 0 0 4 5 1 10])
  ("int" .
   [0 0 3])
  ("return" .
   [0 0 2 4 0 0])
  ("pragma" .
   [0 0 1 0 0 0])
  ("void" .
   [0 0 5 0])
  ("arr" .
   [2 0 0])
  ("alias" .
   [3 0 0 0 0])
  ("command" .
   [143 0 1 0 10 2 2])
  ("exit" .
   [12 0 0 0])
  ("strcmp" .
   [2 0 0 0 1 0])
  ("commnad" .
   [1 0 0 0 0 0 0])
  ("unset" .
   [1 0 0 0 0])
  ("remove" .
   [3 0 0 0 0 0])
  ("deleteset" .
   [2 0 0 0 0 0 0 0 0])
  ("new" .
   [15 0 0])
  ("wait" .
   [2 0 0 0])
  ("buf" .
   [10 0 0])
  ("lol" .
   [2 0 0])
  ("FILE" .
   [2 0 0 0])
  ("read" .
   [1 0 0 0])
  ("freopen" .
   [1 0 0 0 0 0 0])
  ("dup2" .
   [16 0 0 0])
  ("fopen" .
   [1 0 0 0 0])
  ("getchar" .
   [2 0 0 0 0 0 0])
  ("fclose" .
   [3 0 0 0 0 0])
  ("fscanf" .
   [1 0 0 0 0 0])
  ("EOF" .
   [1 0 0])
  ("append" .
   [17 0 0 0 0 0])
  ("readp" .
   [11 0 0 0 0])
  ("appendp" .
   [11 0 3 6 3 1 6])
  ("out" .
   [25 0 1])
  ("O_TRUNC" .
   [0 0 2 0 0 0 1])
  ("execpipe" .
   [1 0 0 0 0 1 0 1])
  ("O_WRONLY" .
   [0 0 0 1 1 1 0 0])
  ("O_CREAT" .
   [0 0 0 1 1 0 0])
  ("O_APPEND" .
   [0 0 1 0 0 0 0 0])
  ("O_RDONLY" .
   [0 0 0 1 0 0 0 0])
  ("input" .
   [5 0 0 0 0])
  ("output" .
   [3 0 0 0 0 0])
  ("app" .
   [3 0 0])
  ("after" .
   [5 0 0 0 0])
  ("red" .
   [3 0 0])
  ("copy" .
   [7 0 0 0])
  ("pool" .
   [3 0 0 0])
  ("start" .
   [1 0 0 0 0])
  ("args" .
   [5 0 0 0])
  ("param" .
   [13 0 0 0 0])
  ("num" .
   [12 0 0])
  ("n" .
   [2])
  ("row" .
   [3 0 0])
  ("col" .
   [4 0 0])
  ("newparam" .
   [1 0 0 0 0 0 0 0])
  ("gen" .
   [20 0 0])
  ("use" .
   [7 0 0])
  ("neighbor" .
   [1 0 0 0 0 0 0 0])
  ("arrgame2" .
   [1 0 0 0 0 0 0 0])
  ("print" .
   [1 0 0 0 0])
  ("pthread_join" .
   [1 0 0 0 0 0 0 0 0 0 0 0])))
